%YAML:1.0
---
cam0:
  T_cam_imu:
    - [0.9997015394718672, 0.008360956544445424, 0.02295487711226619, 0.03199641403257833]
    - [0.007877979375027702, -0.9997473708407661, 0.021050699226883945, 0.0001053868957864686]
    - [0.023125082022427187, -0.020863578375628408, -0.9995148531556789, 0.0016930083891618854]
    - [0.0, 0.0, 0.0, 1.0]
  cam_overlaps: []
  camera_model: pinhole
  distortion_coeffs: [0.054035310809794915, -0.06459059122466279, 0.001764042666214944,
    0.002933604813141197]
  distortion_model: radtan
  intrinsics: [973.2233000866, 971.3309957110698, 656.9599361090575, 488.683233370521]
  resolution: [1280， 960]
  rostopic: /cam0/image_raw
  timeshift_cam_imu: -0.05530477838510952
